908 1169
359 547
695 734
521 739
895 386
787 198
877 634
703 230
17 20
404 542
832 887
117 159
168 477
370 273
805 700
610 878
544 291
352 763
8 140
855 517
761 830
852 835
258 831
668 569
750 121
69 775
879 416
542 907
860 629
702 152
847 808
441 897
763 872
775 637
649 865
233 743
255 870
852 876
196 169
266 737
191 786
438 129
348 508
805 18
308 350
180 632
36 407
737 899
240 885
110 864
158 101
644 642
584 519
324 341
112 234
173 782
669 359
629 858
723 102
904 652
346 247
343 822
317 576
302 646
58 511
779 887
65 200
163 649
429 509
588 363
85 12
136 836
330 137
683 365
547 588
783 789
663 80
170 177
835 397
881 573
276 904
359 807
55 335
146 626
776 571
267 313
223 94
452 192
63 572
42 401
732 624
582 60
64 275
182 726
864 109
832 715
500 188
691 278
651 111
682 54
237 288
440 724
623 694
411 513
160 475
529 252
709 158
844 345
533 732
194 436
94 648
366 493
374 681
61 856
63 439
795 101
769 234
593 333
294 561
416 232
454 197
99 805
308 439
79 728
47 183
100 371
313 479
384 174
374 410
473 838
461 581
637 261
183 425
806 675
764 349
164 297
169 881
641 458
352 37
747 562
633 791
30 314
603 509
524 244
859 23
864 699
748 788
486 263
572 222
363 318
615 44
663 552
311 253
370 667
13 37
217 588
104 20
634 264
849 248
152 88
876 657
145 748
727 307
489 370
287 416
130 209
449 504
860 36
424 728
654 765
353 432
723 61
488 447
846 268
843 193
898 17
495 562
625 567
613 65
859 418
471 397
280 650
329 173
243 338
557 495
757 181
230 861
330 904
452 325
131 151
810 685
407 734
623 340
423 68
742 473
114 678
224 549
80 474
557 872
425 357
378 839
370 291
740 767
380 381
360 634
48 39
67 453
686 107
175 603
331 906
814 450
777 430
322 220
134 842
165 845
398 12
521 560
210 678
754 92
546 513
770 504
386 900
670 880
497 613
199 845
391 833
43 555
291 703
408 785
185 339
77 15
870 131
637 652
33 675
220 70
650 203
724 623
848 252
671 160
39 87
702 493
602 786
144 785
85 153
519 541
341 859
233 387
580 401
821 168
893 709
464 1
689 25
595 857
287 568
227 686
564 325
573 89
706 677
87 133
454 613
667 288
794 271
339 498
591 888
732 790
866 738
56 517
607 294
440 442
202 119
314 325
245 568
341 741
592 142
395 562
23 326
482 750
785 229
806 410
18 3
431 55
100 154
430 403
249 678
340 775
585 730
282 431
121 379
679 336
720 314
646 787
479 609
656 525
20 558
46 854
538 664
601 11
399 498
392 23
279 51
207 212
64 78
251 210
188 284
569 570
570 41
106 402
508 344
266 88
430 321
366 845
852 584
126 864
637 676
382 816
213 377
604 753
332 353
515 758
693 448
330 522
220 121
340 628
648 788
90 784
390 311
662 584
372 450
266 283
690 85
796 152
139 108
525 598
382 748
56 296
93 765
866 882
439 552
104 491
69 400
88 293
508 886
415 474
708 705
694 843
377 123
859 70
578 889
719 267
205 116
288 7
115 341
863 43
423 175
319 562
811 649
509 42
354 202
4 717
50 79
465 451
578 898
856 257
590 655
54 554
209 778
646 741
761 637
163 908
865 119
22 171
879 896
127 570
583 379
251 261
764 58
579 282
717 91
597 530
253 837
677 232
852 45
169 10
772 359
102 530
818 844
296 414
551 652
521 841
454 53
141 486
749 849
610 515
297 689
40 342
834 750
666 339
185 860
207 113
401 690
688 529
218 436
854 566
296 309
183 573
537 678
850 546
137 347
495 488
123 99
65 170
888 253
888 683
631 482
708 767
28 83
397 246
309 116
474 854
528 389
688 42
329 500
888 590
341 119
754 123
545 644
751 1
72 638
204 324
607 682
781 744
636 327
237 683
762 61
542 429
76 840
463 731
523 490
462 778
87 272
279 202
10 627
760 539
158 866
530 187
116 843
816 642
95 307
557 380
651 308
16 408
217 118
642 209
346 658
98 487
574 26
597 570
686 286
411 751
844 352
589 634
393 496
122 905
147 75
518 131
32 747
742 88
424 455
152 204
166 401
218 806
257 432
594 673
128 252
54 131
636 575
678 714
246 439
747 231
675 119
761 792
887 279
807 185
721 757
252 814
170 55
388 130
751 101
91 700
499 555
239 378
742 494
153 816
529 905
188 491
807 769
148 289
806 768
855 501
679 89
677 185
817 150
653 488
242 670
131 900
716 246
456 424
163 179
361 634
435 671
302 426
407 31
287 265
502 335
406 518
90 469
861 576
543 763
475 830
200 166
281 610
373 465
466 21
384 712
258 645
756 506
382 385
596 844
877 2
698 801
591 907
772 549
579 458
271 409
159 80
243 443
140 598
588 869
641 901
283 478
496 345
863 830
904 804
521 332
813 374
187 698
363 740
109 835
320 89
324 274
332 251
777 188
888 228
576 486
622 193
35 361
680 541
69 469
44 189
638 618
455 611
71 629
852 313
21 608
904 759
273 693
877 463
318 567
176 562
707 712
60 546
242 445
879 420
882 434
785 410
849 752
737 479
438 128
283 843
455 217
174 241
208 648
836 678
494 892
197 448
697 134
430 184
646 277
810 684
169 626
317 844
697 555
401 311
107 120
755 87
639 167
174 776
799 330
320 385
597 537
785 455
838 225
620 763
809 482
219 815
159 790
901 243
165 174
104 286
296 872
786 755
143 825
774 662
443 735
461 212
95 629
343 470
874 745
244 486
783 725
568 144
886 311
417 145
691 475
282 194
567 867
46 769
466 476
645 59
199 60
603 95
902 81
400 301
409 540
338 268
468 794
883 289
586 811
640 794
482 233
363 375
95 5
862 177
476 163
675 488
447 310
180 14
341 842
418 332
48 628
309 838
379 2
642 250
457 614
639 330
449 521
572 626
880 560
531 147
7 193
226 171
833 240
842 218
240 377
5 787
474 575
508 500
623 40
565 104
277 16
176 788
118 204
748 522
629 780
842 738
654 475
779 778
872 760
769 77
383 562
442 407
193 318
522 678
468 222
726 261
768 846
287 237
755 172
696 717
560 263
801 479
224 700
573 38
462 202
261 64
655 3
241 459
280 191
118 645
882 228
139 764
337 515
549 826
263 799
508 56
603 421
876 458
514 69
673 463
412 676
765 882
111 122
338 96
227 17
884 665
248 498
587 200
713 24
713 227
588 83
705 850
601 686
211 350
548 867
816 825
76 778
127 641
156 151
150 341
609 607
751 630
14 330
674 28
503 682
490 263
502 460
840 523
686 850
264 547
314 553
834 10
627 367
211 745
722 28
596 403
325 315
437 807
663 329
608 727
483 46
817 818
873 315
244 857
96 852
253 73
889 376
362 697
861 619
305 228
513 389
46 794
746 641
457 309
525 505
224 579
691 468
680 730
635 150
696 578
306 407
781 79
270 432
3 832
194 904
768 179
779 509
756 503
602 293
434 698
796 53
395 87
526 609
126 426
433 569
485 832
676 853
517 522
683 786
184 469
33 511
147 488
174 465
485 415
661 245
449 460
716 269
444 906
329 527
442 803
243 46
812 342
255 571
608 805
600 749
8 70
78 23
363 102
782 747
60 529
192 191
741 592
698 696
584 33
546 606
34 523
458 818
75 768
97 840
112 309
261 632
277 679
470 181
324 888
712 809
411 890
380 196
208 100
507 900
820 95
191 681
119 610
42 508
867 232
451 60
454 598
654 707
176 408
364 841
291 507
769 226
413 348
419 313
499 22
433 284
174 574
670 451
203 383
618 116
101 132
784 706
200 753
413 599
557 233
165 321
415 277
879 122
212 560
730 760
286 481
832 416
676 41
352 623
663 594
844 730
694 529
854 150
708 46
790 160
574 771
528 667
250 390
743 351
223 179
886 878
129 43
774 831
409 393
584 655
424 164
306 471
605 145
378 814
152 253
86 886
797 94
338 128
261 300
262 714
67 542
326 608
855 229
838 487
285 224
468 420
856 565
238 16
559 471
125 358
803 271
815 532
49 544
510 738
322 628
429 688
487 345
88 846
837 532
740 204
849 200
115 263
731 639
165 611
625 379
422 641
591 684
803 175
107 714
152 407
184 327
65 501
769 430
192 499
903 557
711 775
315 656
619 600
814 1
257 582
671 538
683 366
259 317
112 82
907 358
179 661
41 90
652 194
541 413
411 376
329 424
79 597
728 892
702 669
324 730
620 287
626 838
26 740
626 562
769 259
873 755
765 198
121 522
422 105
852 692
443 212
213 469
705 269
616 736
702 609
118 903
10 52
220 379
611 16
28 808
122 339
368 241
394 8
94 338
287 711
583 225
67 804
157 84
399 409
611 564
686 507
642 704
241 195
56 383
851 637
113 506
154 268
734 230
655 525
107 519
113 582
190 238
722 188
480 659
544 792
208 379
69 272
532 221
30 723
185 640
132 726
508 461
100 564
213 103
401 900
7 777
559 812
425 42
860 92
842 286
121 474
422 84
296 97
830 425
413 422
132 494
374 302
358 30
73 624
539 337
485 136
83 566
167 369
301 478
834 46
363 230
589 779
144 646
45 866
226 157
179 486
552 278
720 680
444 246
299 726
184 100
596 605
25 546
277 383
446 127
83 78
872 764
336 590
748 540
202 398
749 108
157 423
853 826
193 375
690 527
527 798
492 76
732 438
562 593
370 346
15 397
179 706
890 203
674 873
221 73
170 381
600 852
149 754
869 573
705 564
409 313
904 132
732 603
533 315
298 326
60 373
187 409
548 81
61 127
694 581
695 820
788 332
317 226
585 369
208 175
706 563
720 69
627 770
727 89
478 539
140 15
80 650
556 270
108 813
70 321
398 446
203 769
511 719
455 690
598 177
724 189
539 135
793 544
520 477
336 425
832 4
517 470
386 888
241 859
272 423
724 742
834 363
206 107
665 144
406 191
648 641
40 662
487 646
235 425
570 195
339 229
231 452
3 575
359 222
40 904
208 725
105 740
691 407
261 1
792 768
145 891
729 72
115 734
164 454
212 602
768 30
867 35
244 835
620 210
403 464
475 636
824 891
274 718
751 95
506 137
407 291
11 513
83 429
229 438
322 859
750 39
809 236
149 659
114 727
263 181
92 625
30 608
520 246
428 80
20 129
524 550
51 69
363 608
641 101
538 798
482 302
849 113
122 434
312 637
67 480
262 444
600 764
371 132
628 62
623 202
602 610
903 595
779 20
98 12
689 269
421 566
633 715
